  1         1     141     
  1        20     1     
  1        39     133     
  5         5     18     
  5        11     11     
  5        17     21     
  5        20     52     
  5        23     23     
  5        29     24     
  5        35     22     
  6         6     11     
  6        34     7     
 11         5     30     
 11        11     21     
 11        17     17     
 11        20     59     
 11        23     23     
 11        29     25     
 11        35     28     
 17         5     27     
 17        11     22     
 17        17     25     
 17        20     46     
 17        23     30     
 17        29     18     
 17        35     25     
 20         5     76     
 20        11     42     
 20        17     48     
 20        20     2558     
 20        23     59     
 20        29     59     
 20        35     44     
 23         5     18     
 23        11     19     
 23        17     27     
 23        20     40     
 23        23     15     
 23        29     31     
 23        35     24     
 29         5     27     
 29        11     27     
 29        17     22     
 29        20     52     
 29        23     30     
 29        29     21     
 29        35     31     
 34         6     6     
 34        34     8     
 35         5     33     
 35        11     25     
 35        17     19     
 35        20     43     
 35        23     23     
 35        29     27     
 35        35     24     
 39         1     119     
 39        39     130     
